 66.1748810 -6.98304462 -1.18897283 59.0735626
 64.8301163 -6.98304462 65.0321350 -7.01190472
 63.7690048 -7.01190472 63.9710236 -7.03499269
 62.7895126 -7.03499269 62.9915314 -7.05230856
 61.8916435 -7.05230856 62.0936623 -7.06385279
 61.0754013 -7.06385279 61.2774200 -7.06962490
 60.3407784 -7.06962490 60.5427971 -7.06962490
 59.6877861 -7.06962490 59.8898048 -7.06385279
 59.1164169 -7.06385279 59.3184357 -7.05230856
 58.6266708 -7.05230856 58.8286896 -7.03499317
 58.2185478 -7.03499317 58.4205666 -7.01190472
 57.8920517 -7.01190472 58.0940704 -6.98304510
 57.6471786 -6.98304510 1.18897331 54.6658478
 68.5419846 -6.80518389 -2.04671717 60.2163048
 66.8707275 -6.80518389 67.0727463 -6.85866022
 65.4831161 -6.85866022 65.6851349 -6.90619421
 64.1771240 -6.90619421 64.3791428 -6.94778681
 62.9527588 -6.94778681 -1.18897283 55.9330711
 54.8290977 -6.94778681 1.18897331 51.5253563
 54.4638290 -6.94778681 54.6658478 -6.90619469
 54.3822060 -6.90619469 54.5842247 -6.85866022
 54.3822060 -6.85866022 54.5842247 -6.80518436
 54.4638290 -6.80518436 2.04671741 52.8701134
 70.5009689 -6.60430050 -2.62334847 61.2774200
 68.5848389 -6.60430050 68.7868576 -6.67776203
 66.9523544 -6.67776203 67.1543732 -6.74510241
 65.4014893 -6.74510241 -2.04671717 57.1574326
 51.7273750 -6.74510288 2.04671741 49.8112411
 51.6886063 -6.74510288 51.8906250 -6.67776251
 51.9334755 -6.67776251 52.1354942 -6.60430050
 52.2599754 -6.60430050 2.62334847 51.7273712
 71.3172073 -6.43505383 -3.08164978 61.5222931
 69.2378311 -6.43505383 69.4398499 -6.52343702
 67.4420929 -6.52343702 -2.62334847 58.3001747
 49.6051407 -6.52343798 2.62334847 48.7501259
 49.8112411 -6.52343798 50.0132599 -6.43505383
 50.3009911 -6.43505383 3.08164978 50.5030060
 72.5415726 -6.23533726 -3.46776557 62.1752892
 70.2989502 -6.23533726 70.5009689 -6.33960581
 68.3399658 -6.33960581 -3.08164978 58.6266747
 47.7277832 -6.33960581 3.08164978 47.6073914
 48.0971298 -6.33960581 48.2991486 -6.23533773
 48.7501259 -6.23533773 3.46776581 49.6867676
 74.1740646 -6.00210428 -3.80449200 63.2364044
 71.7681885 -6.00210428 71.9702072 -6.12331629
 69.6459579 -6.12331629 -3.46776557 59.3612900
 46.2585449 -6.12331629 3.46776581 46.8727684
 46.7911453 -6.12331629 46.9931641 -6.00210476
 47.6073914 -6.00210476 3.80449200 49.2786407
 73.8475723 -5.87121201 -4.10416603 62.6650314
 71.3600693 -5.87121201 -3.80449200 60.5040283
 45.1974258 -5.87121201 3.80449200 46.5462723
 45.8932724 -5.87121201 4.10416651 47.9726562
 76.1330490 -5.57945538 -4.37385178 64.3791428
 73.4822998 -5.57945538 73.6843185 -5.73097038
 71.1151962 -5.73097038 -4.10416603 60.0142822
 43.5649414 -5.73097086 4.10416651 45.3219070
 44.3424149 -5.73097086 44.5444336 -5.57945538
 45.4035263 -5.57945538 4.37385178 48.2175293
 76.2146683 -5.41573143 -4.61846685 64.2159042
 73.4822998 -5.41573143 -4.37385178 61.8100243
 43.1568146 -5.41573191 4.37385178 45.6484070
 44.0975418 -5.41573191 4.61846685 47.3196602
 76.4595490 -5.23941326 -4.84269810 64.2159042
 73.6455536 -5.23941326 -4.61846685 61.7284012
 41.9324570 -5.23941326 4.61846685 44.8321609
 42.9548035 -5.23941326 4.84269810 46.5850449
 76.8676682 -5.04898977 -5.04898977 64.3791428
 73.9720459 -5.04898977 -4.84269810 61.8100243
 40.8713417 -5.04899073 4.84269810 44.1791687
 41.9753113 -5.04899073 5.04898977 46.0136719
 77.4390335 -4.84269810 -5.23941326 64.7056427
 74.4617920 -4.84269810 -5.04898977 62.0548935
 39.9734726 -4.84269810 5.04898977 43.6894150
 41.1590691 -4.84269810 5.23941374 45.6055450
 78.1736526 -4.61846685 -5.41573143 65.1953888
 75.1147842 -4.61846685 -5.23941326 62.4630127
 39.2388535 -4.61846828 5.23941374 43.3629227
 40.5060654 -4.61846828 5.41573143 45.3606720
 79.0715179 -4.37385178 -5.57945538 65.8483810
 75.9310303 -4.37385178 -5.41573143 63.0343857
 38.6674767 -4.37385273 5.41573143 43.1996689
 40.0163269 -4.37385273 5.57945538 45.2790489
 9000.00000 63.7690048 9000.00000 63.9710236
 5.57945538 43.1996689 5.73097038 43.4016876
 78.2552719 -4.10416603 -5.87121201 64.8688889
 75.0331573 -4.10416603 -5.73097038 61.9732704
 36.3820000 -4.10416794 5.73097038 41.4039383
 37.8124619 -4.10416794 5.87121201 43.5649338
 79.5612640 -3.80449200 -6.00210428 65.9300079
 76.2575226 -3.80449200 -5.87121201 62.9527588
 36.2187500 -3.80449247 5.87121201 41.6488037
 37.7308426 -3.80449247 6.00210428 43.8914375
 9000.00000 64.0955048 9000.00000 64.2975235
 6.00210428 42.0569305 6.12331629 42.2589493
 79.3980255 -3.46776557 -6.23533726 65.6035080
 76.0126495 -3.46776557 -6.12331629 62.5446396
 34.5862656 -3.46776748 6.12331629 40.5060692
 36.1799774 -3.46776748 6.23533726 42.8303146
 9000.00000 63.9322548 9000.00000 64.1342773
 6.23533726 41.1590576 6.33960581 41.3610764
 79.6428909 -3.08164978 -6.43505383 65.6851349
 76.1759033 -3.08164978 -6.33960581 62.5446396
 33.3618965 -3.08165050 6.33960581 39.7714462
 35.0372391 -3.08165050 6.43505335 42.1773262
 9000.00000 64.1771240 9000.00000 64.3791428
 6.43505335 40.6693192 6.52343702 40.8713379
 80.2958908 -2.62334847 -6.60430050 66.1748810
 76.7472687 -2.62334847 -6.52343702 62.9527588
 32.5456581 -2.62334847 6.52343702 39.4449539
 34.3026161 -2.62334847 6.60430050 41.9324455
 9000.00000 64.8301163 9000.00000 65.0321350
 6.60430050 40.5876884 6.67776203 40.7897072
 9000.00000 63.7690048 9000.00000 63.9710236
 6.67776203 39.5265732 6.74510241 39.7285919
 80.2958832 -2.04671717 -6.80518389 66.0932541
 76.6656494 -2.04671717 -6.74510241 62.7895126
 31.0764160 -2.04671526 6.74510241 38.5470810
 32.9150085 -2.04671526 6.80518389 41.1162109
 9000.00000 64.9933624 9000.00000 65.1953812
 6.80518389 40.0163231 6.85866022 40.2183418
 9000.00000 64.1771240 9000.00000 64.3791428
 6.85866022 39.2000809 6.90619421 39.4020996
 9000.00000 63.4425011 9000.00000 63.6445198
 6.90619421 38.4654579 6.94778633 38.6674767
 80.3775101 -1.18897283 -6.98304462 66.1748886
 76.6656418 -1.18897283 -6.94778681 62.7895088
 29.6888065 -1.18897760 6.94778633 37.8124657
 31.6090126 -1.18897760 6.98304462 40.4632072
 9000.00000 65.4014969 9000.00000 65.6035156
 6.98304462 39.6898193 7.01190472 39.8918381
 9000.00000 64.9117508 9000.00000 65.1137695
 7.01190472 39.2000732 7.03499269 39.4020920
 9000.00000 64.5036240 9000.00000 64.7056427
 7.03499269 38.7919502 7.05230856 38.9939690
 9000.00000 64.1771317 9000.00000 64.3791504
 7.05230856 38.4654541 7.06385279 38.6674728
 9000.00000 63.9322586 9000.00000 64.1342773
 7.06385279 38.2205811 7.06962442 38.4225998
 9000.00000 63.7690086 9000.00000 63.9710274
 7.06962442 38.0573311 7.06962442 38.2593498
 9000.00000 63.6873856 9000.00000 63.8894043
 7.06962442 37.9757080 7.06385279 38.1777267
 9000.00000 63.6873856 9000.00000 63.8894043
 7.06385279 37.9757080 7.05230856 38.1777267
 9000.00000 63.7690086 9000.00000 63.9710274
 7.05230856 38.0573311 7.03499269 38.2593498
 9000.00000 63.9322586 9000.00000 64.1342773
 7.03499269 38.2205811 7.01190472 38.4225998
 9000.00000 64.1771317 9000.00000 64.3791504
 7.01190472 38.4654503 6.98304462 38.6674690
 77.9287796 1.18897331 -6.98304510 64.5036240
 74.2169113 1.18897331 -6.94778681 61.5222893
 27.2400761 1.18897796 6.94778633 36.5452461
 29.1602821 1.18897796 6.98304462 38.7919502
 9000.00000 61.7283897 9000.00000 61.9304085
 6.94778633 36.7513466 6.90619469 36.9533653
 9000.00000 62.2181396 9000.00000 62.4201584
 6.90619469 37.2410965 6.85866022 37.4431152
 9000.00000 62.7895050 9000.00000 62.9915237
 6.85866022 37.8124619 6.80518436 38.0144806
 76.2146683 2.04671741 -6.80518436 63.4425011
 72.5844345 2.04671741 -6.74510288 60.5427971
 26.9951973 2.04671550 6.74510288 36.3003654
 28.8337898 2.04671550 6.80518436 38.4654579
 9000.00000 61.0753975 9000.00000 61.2774162
 6.74510288 36.8329659 6.67776251 37.0349846
 9000.00000 61.8916397 9000.00000 62.0936584
 6.67776251 37.6492081 6.60430050 37.8512268
 74.9903107 2.62334847 -6.60430050 62.7895050
 71.4416885 2.62334847 -6.52343798 59.9714279
 27.2400761 2.62334847 6.52343798 36.4636192
 28.9970341 2.62334847 6.60430050 38.5470734
 9000.00000 60.7489014 6.43505335 60.9509201
 6.52343798 37.2410927 6.43505335 37.4431114
 73.5210648 3.08164978 -6.43505383 61.8100128
 70.0540771 3.08164978 -6.33960581 59.0735588
 27.2400723 3.08165026 6.33960581 36.3003654
 28.9154148 3.08165026 6.43505335 38.3022079
 9000.00000 60.0142822 9000.00000 60.2163010
 6.33960581 37.2410889 6.23533726 37.4431076
 72.4599533 3.46776581 -6.23533773 61.2386513
 69.0745773 3.46776581 -6.12331629 58.5838165
 27.6481972 3.46776724 6.12331629 36.5452499
 29.2419071 3.46776724 6.23533726 38.4654579
 9000.00000 59.6877823 9000.00000 59.8898010
 6.12331629 37.6492157 6.00210476 37.8512344
 71.8069534 3.80449200 -6.00210476 61.0754013
 68.5032120 3.80449200 -5.87121201 58.5021935
 28.4644375 3.80449271 5.87121201 37.1982384
 29.9765301 3.80449271 6.00210476 39.0368347
 70.0928421 4.10416651 -5.87121201 59.7694092
 66.8707275 4.10416651 -5.73097086 57.2778282
 28.2195721 4.10416746 5.73097038 36.7084923
 29.6500340 4.10416746 5.87121201 38.4654541
 9000.00000 58.6266747 9000.00000 58.8286934
 5.73097038 38.0573425 5.57945538 38.2593613
 70.0928421 4.37385178 -5.57945538 60.2591553
 66.9523544 4.37385178 -5.41573191 57.8491974
 29.6888065 4.37385273 5.41573191 38.0144806
 31.0376511 4.37385273 5.57945538 39.6898232
 68.7868576 4.61846685 -5.41573191 59.3612900
 65.7279816 4.61846685 -5.23941326 57.0329552
 29.8520546 4.61846781 5.23941374 37.9328613
 31.1192665 4.61846781 5.41573191 39.5265732
 67.6441116 4.84269810 -5.23941326 58.6266670
 64.6668701 4.84269810 -5.04899073 56.3799553
 30.1785507 4.84269810 5.04899073 38.0144806
 31.3641472 4.84269810 5.23941374 39.5265732
 66.6646194 5.04898977 -5.04899073 58.0552979
 63.7690010 5.04898977 -4.84269810 55.8902130
 30.6682949 5.04899073 4.84269810 38.2593613
 31.7722607 5.04899073 5.04899073 39.6898232
 65.8483810 5.23941374 -4.84269810 57.6471748
 63.0343857 5.23941374 -4.61846828 55.5637131
 31.3212910 5.23941374 4.61846781 38.6674728
 32.3436394 5.23941374 4.84269810 40.0163193
 65.1953812 5.41573143 -4.61846828 57.4023056
 62.4630089 5.41573143 -4.37385273 55.4004669
 32.1375275 5.41573191 4.37385273 39.2388535
 33.0782471 5.41573191 4.61846781 40.5060654
 64.7056427 5.57945538 -4.37385273 57.3206787
 62.0548935 5.57945538 62.2569122 5.73097038
 59.6877899 5.73097038 -4.10416794 53.3598518
 32.1375313 5.73097038 4.10416746 38.6674767
 32.9150047 5.73097038 33.1170235 5.57945538
 33.9761200 5.57945538 4.37385273 41.1590576
 62.0120316 5.87121201 -4.10416794 55.3616943
 59.5245361 5.87121201 -3.80449247 53.6047287
 33.3618927 5.87121201 3.80449271 39.6469688
 34.0577393 5.87121201 4.10416746 40.6693192
 61.9304123 6.00210428 -3.80449247 55.6881866
 59.5245361 6.00210428 59.7265549 6.12331629
 57.4023018 6.12331629 -3.46776748 52.2171097
 34.0148926 6.12331629 3.46776724 39.7285881
 34.5474892 6.12331629 34.7495079 6.00210476
 35.3637352 6.00210476 3.80449271 41.7304230
 59.8897934 6.23533726 -3.46776748 54.3822021
 57.6471710 6.23533726 57.8491898 6.33960581
 55.6881866 6.33960581 -3.08165050 51.2376251
 35.0760040 6.33960581 3.08165026 40.2183380
 35.4453506 6.33960581 35.6473694 6.23533726
 36.0983467 6.23533726 3.46776724 41.8936806
 58.2573166 6.43505335 -3.08165050 53.4843292
 56.1779366 6.43505335 56.3799553 6.52343702
 54.3822021 6.52343702 -2.62334847 50.6662483
 36.5452461 6.52343798 2.62334847 41.1161995
 36.7513466 6.52343798 36.9533653 6.43505335
 37.2410965 6.43505335 3.08165026 42.4650421
 57.0329437 6.60430050 -2.62334847 52.9945908
 55.1168137 6.60430050 55.3188324 6.67776203
 53.4843292 6.67776203 53.6863480 6.74510241
 51.9334679 6.74510241 -2.04671526 49.2786407
 38.2593498 6.74510288 2.04671550 41.9324493
 38.2205811 6.74510288 38.4225998 6.67776251
 38.4654503 6.67776251 38.6674690 6.60430050
 38.7919502 6.60430050 2.62334847 43.4445419
 54.6658478 6.80518389 -2.04671526 51.6886063
 52.9945908 6.80518389 53.1966095 6.85866022
 51.6069794 6.85866022 51.8089981 6.90619421
 50.3009872 6.90619421 50.5030060 6.94778633
 49.0766220 6.94778633 -1.18897760 47.8094101
 40.9529610 6.94778633 1.18897796 43.4016953
 40.5876923 6.94778633 40.7897110 6.90619469
 40.5060692 6.90619469 40.7080879 6.85866022
 40.5060692 6.85866022 40.7080879 6.80518436
 40.5876923 6.80518436 2.04671550 44.3424149
 51.8906250 6.98304462 -1.18897760 50.3009987
 50.5458679 6.98304462 50.7478867 7.01190472
 49.4847488 7.01190472 49.6867676 7.03499269
 48.5052605 7.03499269 48.7072792 7.05230856
 47.6073914 7.05230856 47.8094101 7.06385279
 46.7911491 7.06385279 46.9931679 7.06962442
 46.0565262 7.06962442 46.2585449 7.06962442
 45.4035339 7.06962442 45.6055527 7.06385279
 44.8321648 7.06385279 45.0341835 7.05230856
 44.3424187 7.05230856 44.5444374 7.03499269
 43.9342957 7.03499269 44.1363144 7.01190472
 43.6077995 7.01190472 43.8098183 6.98304462
 43.3629265 6.98304462 1.18897796 45.8932838
